10
27
29968 83254 29615 30060 24890 54097 3545 43035 49132 76425 4799 54650 39281 92735 3516 61708 55491 85236 59463 57275 47495 90724 42337 88081 21652 69187 60313 
9
35569 41329 90335 65536 24582 36301 11948 65823 6749 
92
8857 55881 8268 30008 10530 63901 22742 30397 41960 94584 15632 1422 51859 63126 92145 10547 67559 13796 79733 44223 85856 31653 85551 76191 97189 26484 12491 9136 92306 19240 40979 17515 91472 65599 47522 18353 29499 70263 48750 71458 81199 80733 89231 49409 43859 81375 59955 11417 11522 56039 55639 97378 87692 57541 73568 84880 84024 2410 10367 76329 38001 67697 10195 45824 49647 57716 64177 79145 44331 29278 66954 25529 10010 72536 91289 70220 53910 51243 97988 81784 7281 69978 79161 94972 27518 69080 96203 11541 87841 22921 4222 25842 
18
14416 88017 40264 88484 68545 35761 32814 97822 19066 74694 24184 91602 65982 94403 61863 33576 8743 43646 
56
78720 39158 52180 6238 24589 48382 34130 12430 71303 38351 54623 78272 69119 42639 34887 57602 11184 86999 6767 25357 6065 97812 65892 14018 80145 76647 75880 13720 85389 35878 54575 64108 91387 6754 86697 15976 71488 37179 44757 59142 75529 99379 37413 60999 58369 72299 34952 85904 59298 58070 27613 81714 55881 93504 95731 36025 
50
87962 66096 55538 40191 20671 35998 31578 43776 22694 63905 15263 59872 8661 74404 51753 24391 28168 29103 99111 16819 64055 85015 92468 22124 12627 74181 94357 6130 86263 46733 76280 90576 12829 48169 30767 49851 84166 78696 93626 6860 58952 25241 83083 83964 15996 51187 8354 44164 80290 7464 
82
60696 8830 53449 99171 37808 43981 93527 60290 46595 56612 36569 37170 69440 1089 84288 35642 85255 79335 45619 8466 38286 70859 91548 22249 3207 59087 46954 47370 39376 70770 24703 71 95951 94503 99241 33759 54835 9120 94048 1429 65731 46968 54950 51522 48056 39238 87163 33310 18572 32781 58127 73210 19992 66027 11810 23198 25113 75116 86919 64488 45885 11621 80910 41835 22475 80150 75593 77309 89269 85992 95089 71351 32959 50038 22872 81015 89275 26386 30676 24199 59167 5155 
60
95510 71181 25569 18707 96293 684 5625 77132 62920 33597 58041 4755 56071 54542 96699 49731 60163 82691 44819 31513 32001 11208 70737 13015 483 97122 60043 41033 72640 65197 71144 68149 52729 96712 86855 65373 13748 8831 42504 93019 42427 16896 14125 14849 87789 10824 80931 47951 9866 42101 95816 41866 53309 82904 71233 70143 80025 47627 27527 69017 
75
98670 37165 81903 11733 40372 47275 25480 65554 6130 34851 24333 23025 48975 39181 27165 76150 36464 75116 86015 78564 87283 44233 48224 70186 31817 18366 66562 79443 45892 35578 8617 44561 89095 90519 56294 45818 54145 98125 11371 60274 32975 35703 99650 81950 91236 26814 58099 27699 18281 60466 22614 21915 4698 70838 92100 52866 89203 75014 32308 51447 26943 57276 12359 32389 47794 68652 78206 1938 83129 89577 78563 16103 41631 78212 14404 
66
21377 88855 60564 39658 49320 83178 61572 70369 70367 70024 23234 75921 61389 71893 27367 88331 29168 39726 37072 93313 24729 15277 11602 7857 21205 90164 40312 62836 84727 71067 95701 6103 59921 72617 62112 25592 72146 40036 12312 42512 26411 51897 18432 87799 23789 62151 92481 69308 1876 45904 78972 42956 61181 90573 67165 82385 97088 23828 45220 81814 94894 57273 4269 71167 29889 82732 
